0 0 1 4 2 4 1 4 5 6 0 0 1 4 2 4 1 4 5 6 0 0 1 4 2 4 1 4 5 6 3 9 
0 0 1 4 2 4 1 4 5 6 0 0 1 4 2 4 1 4 5 6 0 0 1 4 2 4 1 4 5 6 3 9 
0 0 1 4 2 4 1 4 5 6 0 0 1 4 2 4 1 4 5 6 0 0 1 4 2 4 1 4 5 6 3 9 
0 0 1 4 2 4 1 4 5 6 0 0 1 4 2 4 1 4 5 6 0 0 1 4 2 4 1 4 5 6 3 9 
0 0 1 4 2 4 1 4 5 6 0 0 1 4 2 4 1 4 5 6 0 0 1 4 2 4 1 4 5 6 3 9 
0 0 1 4 2 4 1 4 5 6 0 0 1 4 2 4 1 4 5 6 0 0 1 4 2 4 1 4 5 6 3 9 
0 0 1 4 2 4 1 4 5 6 0 0 1 4 2 4 1 4 5 6 0 0 1 4 2 4 1 4 5 6 3 9 
0 0 1 4 2 4 1 4 5 6 0 0 1 4 2 4 1 4 5 6 0 0 1 4 2 4 1 4 5 6 3 9 
0 0 1 4 2 4 1 4 5 6 0 0 1 4 2 4 1 4 5 6 0 0 1 4 2 4 1 4 5 6 3 9 
0 0 1 4 2 4 1 4 5 6 0 0 1 4 2 4 1 4 5 6 0 0 1 4 2 4 1 4 5 6 3 9 
0 0 1 4 2 4 1 4 5 6 0 0 1 4 2 4 1 4 5 6 0 0 1 4 2 4 1 4 5 6 3 9 
0 0 1 4 2 4 1 4 5 6 0 0 1 4 2 4 1 4 5 6 0 0 1 4 2 4 1 4 5 6 3 9 
0 0 1 4 2 4 1 4 5 6 0 0 1 4 2 4 1 4 5 6 0 0 1 4 2 4 1 4 5 6 3 9 
0 0 1 4 2 4 1 4 5 6 0 0 1 4 2 4 1 4 5 6 0 0 1 4 2 4 1 4 5 6 3 9 
0 0 1 4 2 4 1 4 5 6 0 0 1 4 2 4 1 4 5 6 0 0 1 4 2 4 1 4 5 6 3 9 
0 0 1 4 2 4 1 4 5 6 0 0 1 4 2 4 1 4 5 6 0 0 1 4 2 4 1 4 5 6 3 9 
0 0 1 4 2 4 1 4 5 6 0 0 1 4 2 4 1 4 5 6 0 0 1 4 2 4 1 4 5 6 3 9 
0 0 1 4 2 4 1 4 5 6 0 0 1 4 2 4 1 4 5 6 0 0 1 4 2 4 1 4 5 6 3 9 
0 0 1 4 2 4 1 4 5 6 0 0 1 4 2 4 1 4 5 6 0 0 1 4 2 4 1 4 5 6 3 9 
0 0 1 4 2 4 1 4 5 6 0 0 1 4 2 4 1 4 5 6 0 0 1 4 2 4 1 4 5 6 3 9 
0 0 1 4 2 4 1 4 5 6 0 0 1 4 2 4 1 4 5 6 0 0 1 4 2 4 1 4 5 6 3 9 
0 0 1 4 2 4 1 4 5 6 0 0 1 4 2 4 1 4 5 6 0 0 1 4 2 4 1 4 5 6 3 9 
0 0 1 4 2 4 1 4 5 6 0 0 1 4 2 4 1 4 5 6 0 0 1 4 2 4 1 4 5 6 3 9 
0 0 1 4 2 4 1 4 5 6 0 0 1 4 2 4 1 4 5 6 0 0 1 4 2 4 1 4 5 6 3 9 
0 0 1 4 2 4 1 4 5 6 0 0 1 4 2 4 1 4 5 6 0 0 1 4 2 4 1 4 5 6 3 9 
0 0 1 4 2 4 1 4 5 6 0 0 1 4 2 4 1 4 5 6 0 0 1 4 2 4 1 4 5 6 3 9 
0 0 1 4 2 4 1 4 5 6 0 0 1 4 2 4 1 4 5 6 0 0 1 4 2 4 1 4 5 6 3 9 
0 0 1 4 2 4 1 4 5 6 0 0 1 4 2 4 1 4 5 6 0 0 1 4 2 4 1 4 5 6 3 9 
0 0 1 4 2 4 1 4 5 6 0 0 1 4 2 4 1 4 5 6 0 0 1 4 2 4 1 4 5 6 3 9 
0 0 1 4 2 4 1 4 5 6 0 0 1 4 2 4 1 4 5 6 0 0 1 4 2 4 1 4 5 6 3 9 
0 0 1 4 2 4 1 4 5 6 0 0 1 4 2 4 1 4 5 6 0 0 1 4 2 4 1 4 5 6 3 9 
0 0 1 4 2 4 1 4 5 6 0 0 1 4 2 4 1 4 5 6 0 0 1 4 2 4 1 4 5 6 3 9 
